-0.005672116
-0.007972866
-0.010095756
-0.011900154
-0.013246261
-0.014001748
-0.014048391
-0.013288374
-0.011649945
-0.00909213
-0.005608257
-0.001228076
0.003981661
0.009918235
0.016445609
0.023398606
0.030588471
0.037809593
0.044847107
0.051485067
0.057514814
0.062743198
0.067000274
0.070146131
0.072076557
0.072727273
0.072076557
0.070146131
0.067000274
0.062743198
0.057514814
0.051485067
0.044847107
0.037809593
0.030588471
0.023398606
0.016445609
0.009918235
0.003981661
-0.001228076
-0.005608257
-0.00909213
-0.011649945
-0.013288374
-0.014048391
-0.014001748
-0.013246261
-0.011900154
-0.010095756
-0.007972866
-0.005672116

