-0.000811987
-0.001216394
-0.00169699
-0.002254809
-0.002866401
-0.00347821
-0.004004218
-0.004327615
-0.004306848
-0.003785901
-0.002608106
-0.000632316
0.002250101
0.006099244
0.010913418
0.016620304
0.023073824
0.030057477
0.037294292
0.044462854
0.051218245
0.057216187
0.062138283
0.065716114
0.067751964
0.068134246
0.066846197
0.063967
0.059665263
0.054185452
0.047828597
0.040929063
0.033829551
0.026856597
0.020298718
0.014389032
0.00929368
0.005106738
0.001851661
-0.000511362
-0.002073307
-0.002961027
-0.003320589
-0.003300999
-0.003039976
-0.002653014
-0.002226556
-0.001815568
-0.001445249
-0.001116201
-0.000811987
