90.598868
69.810638
59.821865
60.152667
59.186553
54.754974
52.647691
57.533715
38.052996
51.679499
46.354239
48.227672
44.771784
30.724038
39.091732
43.478484
40.990836
38.012345
42.147899
50.633347
48.826904
42.001752
41.298365
42.230960
44.160550
42.375108
33.334035
37.279873
35.670679
35.934032
41.482364
38.707815
6.020600
33.909165
35.855759
39.988425
32.305977
40.560929
32.394335
28.217612
36.342288
33.184823
22.994460
34.173413
38.401209
41.363852
28.610657
36.494822
25.068887
32.319657
39.381647
40.565882
32.997032
32.300468
33.185350
33.598811
31.888131
40.456361
34.994245
34.221882
30.709561
35.746573
39.994085
33.896651
42.411479
33.896651
39.994085
35.746573
30.709561
34.221882
34.994245
40.456361
31.888131
33.598811
33.185350
32.300468
32.997032
40.565882
39.381647
32.319657
25.068887
36.494822
28.610657
41.363852
38.401209
34.173413
22.994460
33.184823
36.342288
28.217612
32.394335
40.560929
32.305977
39.988425
35.855759
33.909165
6.020600
38.707815
41.482364
35.934032
35.670679
37.279873
33.334035
42.375108
44.160550
42.230960
41.298365
42.001752
48.826904
50.633347
42.147899
38.012345
40.990836
43.478484
39.091732
30.724038
44.771784
48.227672
46.354239
51.679499
38.052996
57.533715
52.647691
54.754974
59.186553
60.152667
59.821865
69.810638
