-0.002114483
-0.000881335
0.001453247
0.004545455
0.007890787
0.010899443
0.012991142
0.013695113
0.012739471
0.01011513
0.006102658
0.001255701
-0.003659001
-0.007758364
-0.010163945
-0.010130488
-0.007163535
-0.0011085
0.00780284
0.018956824
0.031414611
0.044014993
0.055510471
0.064718811
0.070669796
0.072727273
0.070669796
0.064718811
0.055510471
0.044014993
0.031414611
0.018956824
0.00780284
-0.0011085
-0.007163535
-0.010130488
-0.010163945
-0.007758364
-0.003659001
0.001255701
0.006102658
0.01011513
0.012739471
0.013695113
0.012991142
0.010899443
0.007890787
0.004545455
0.001453247
-0.000881335
-0.002114483
