-0.000302697
-0.000134462
0.000244275
0.000861261
0.001707513
0.002707558
0.003702871
0.004460078
0.004709633
0.004211871
0.002838026
0.00064654
-0.002067761
-0.004771026
-0.006744863
-0.007195804
-0.005403674
-0.000881224
0.006488744
0.016371242
0.027975424
0.040137739
0.051482257
0.060631551
0.066429608
0.068134246
0.06554152
0.059017769
0.049433333
0.038011647
0.026123997
0.015070098
0.005885922
-0.000787381
-0.00475377
-0.006229769
-0.00574381
-0.003994656
-0.001701609
0.000522866
0.002256081
0.003294187
0.003631137
0.003402038
0.002811195
0.002065197
0.001326358
0.000693485
0.000208038
-0.000123387
-0.000302697
