0.072727272727273
0.070669796203942
0.064718810515885
0.055510470801645
0.044014993316020
0.031414611276281
0.018956823665345
0.007802839652812
-0.001108500456429
-0.007163534537472
-0.010130488250543
-0.010163945352272
-0.007758364391437
-0.003659001026608
0.001255701465743
0.006102657844007
0.010115129826708
0.012739470934380
0.013695113123693
0.012991142261280
0.010899442677799
0.007890786717024
0.004545454545455
0.001453246872144
-0.000881334954979
-0.002114483166755
-0.002108428008250
-0.000941234458935
0.001118667105748
0.003667418020469
0.006239934535326
0.008390538776612
0.009766668286501
0.010163945352272
0.009554336014573
0.008083792969703
0.006040875788264
0.003802544935509
0.001766885164971
0.000284382124965
-0.000400708732842
-0.000189340488306
0.000859052634565
0.002540611567149
0.004545454545455
0.006513421076764
0.008097371528147
0.009023153044195
0.009136076346919
0.008426171863003
0.007028183406624
0.005196584410754
0.003260137124129
0.001563952325438
0.000409076812975
0.000000000000000
0.000409076812975
0.001563952325438
0.003260137124129
0.005196584410754
0.007028183406624
0.008426171863003
0.009136076346919
0.009023153044195
0.008097371528147
0.006513421076764
0.004545454545455
0.002540611567149
0.000859052634565
-0.000189340488306
-0.000400708732842
0.000284382124965
0.001766885164971
0.003802544935509
0.006040875788264
0.008083792969703
0.009554336014573
0.010163945352272
0.009766668286501
0.008390538776612
0.006239934535326
0.003667418020469
0.001118667105748
-0.000941234458935
-0.002108428008250
-0.002114483166755
-0.000881334954979
0.001453246872144
0.004545454545454
0.007890786717024
0.010899442677799
0.012991142261280
0.013695113123693
0.012739470934380
0.010115129826708
0.006102657844007
0.001255701465743
-0.003659001026608
-0.007758364391437
-0.010163945352272
-0.010130488250543
-0.007163534537472
-0.001108500456429
0.007802839652811
0.018956823665345
0.031414611276282
0.044014993316019
0.055510470801645
0.064718810515885
0.070669796203942
